1677657895462
1677657897074
1677658502353
1677658504317
1677659108301
1677659109683
1677659714762
1677659716353
1677660321523
1677660322945
1677660927151
1677660928559
1677661532901
1677661534303
1677662139773
1677662141346
1677662745528
1677662746985
1677663352165
1677663354591
1677663961645
1677663963005
1677664566751
1677664568397
1677665173545
1677665177171
1677665782783
1677665784753
1677666389934
1677666391411
1677669108942
1677669110552
1677671539016
1677671540729
1677673316277

\n
\n
\n
\n
1677673681034
\n
1677674346021
\n
