1678098435721
1678098441743

1678099036495
1678099043203

1678099637445
1678099643464

1678100238336
1678100244434

1678100839164
1678100845559

1678101440007
1678101457002

1678102044047
1678102051661

1678102644912
1678102653215

1678103245805
1678103252075

1678103846666
1678103852807

1678104447706
1678104454337

1678105048663
1678105055131

1678105649728
1678105655837

1678106250993
1678106259116

1678106851892
1678106858246

1678107453075
1678107460191

1678108054638
1678108061391

1678108655757
1678108662650

1678109256939
1678109263301

1678109858407
1678109866011

