1678093607751
1678093613806

1678093668408
1678093674842

1678093729368
1678093735657

1678093790259
1678093797084

1678093851144
1678093857539

1678093912125
1678093918599

1678093973263
1678093979594

1678094034220
1678094040991

1678094095192
1678094101302

1678094156297
1678094164420

1678094218112
1678094224223

1678094279000
1678094285134

1678094340025
1678094346832

1678094401042
1678094407405

1678094461968
1678094468360

1678094523027
1678094530090

1678094583926
1678094589930

1678094644889
1678094651518

1678094705945
1678094711907

1678094767058
1678094773831

